Test accuracy: 0.9477

              precision    recall  f1-score   support

           A     0.9747    0.9747    0.9747       158
           B     0.8868    0.9216    0.9038       153
           C     0.9241    0.9932    0.9574       147
           D     0.9273    0.9503    0.9387       161
           E     0.9404    0.9221    0.9311       154
           F     0.9226    0.9226    0.9226       155
           G     0.9404    0.9161    0.9281       155
           H     0.9209    0.8707    0.8951       147
           I     0.9655    0.9272    0.9459       151
           J     0.9796    0.9664    0.9730       149
           K     0.9211    0.9459    0.9333       148
           L     0.9795    0.9408    0.9597       152
           M     0.9870    0.9620    0.9744       158
           N     0.9423    0.9363    0.9393       157
           O     0.9597    0.9533    0.9565       150
           P     0.9565    0.9565    0.9565       161
           Q     0.9682    0.9682    0.9682       157
           R     0.8919    0.8742    0.8829       151
           S     0.9272    0.9333    0.9302       150
           T     0.9742    0.9497    0.9618       159
           U     0.9699    0.9877    0.9787       163
           V     0.9671    0.9608    0.9639       153
           W     0.9740    1.0000    0.9868       150
           X     0.9152    0.9618    0.9379       157
           Y     0.9615    0.9554    0.9585       157
           Z     0.9667    0.9864    0.9764       147

    accuracy                         0.9477      4000
   macro avg     0.9478    0.9476    0.9475      4000
weighted avg     0.9480    0.9477    0.9477      4000
