Test accuracy: 0.9417

              precision    recall  f1-score   support

           A     0.9806    0.9620    0.9712       158
           B     0.8704    0.9216    0.8952       153
           C     0.9226    0.9728    0.9470       147
           D     0.9286    0.9689    0.9483       161
           E     0.9057    0.9351    0.9201       154
           F     0.8817    0.9613    0.9198       155
           G     0.9161    0.9161    0.9161       155
           H     0.9323    0.8435    0.8857       147
           I     0.9580    0.9073    0.9320       151
           J     0.9655    0.9396    0.9524       149
           K     0.8947    0.9189    0.9067       148
           L     0.9662    0.9408    0.9533       152
           M     1.0000    0.9557    0.9773       158
           N     0.9545    0.9363    0.9453       157
           O     0.9329    0.9267    0.9298       150
           P     0.9677    0.9317    0.9494       161
           Q     0.9740    0.9554    0.9646       157
           R     0.8782    0.9073    0.8925       151
           S     0.9388    0.9200    0.9293       150
           T     0.9932    0.9245    0.9577       159
           U     0.9532    1.0000    0.9760       163
           V     0.9865    0.9542    0.9701       153
           W     0.9551    0.9933    0.9739       150
           X     0.9080    0.9427    0.9250       157
           Y     0.9560    0.9682    0.9620       157
           Z     0.9862    0.9728    0.9795       147

    accuracy                         0.9417      4000
   macro avg     0.9426    0.9414    0.9415      4000
weighted avg     0.9428    0.9417    0.9418      4000
