Accuracy: 0.961750

              precision    recall  f1-score   support

           A     0.9873    0.9810    0.9841       158
           B     0.9400    0.9216    0.9307       153
           C     0.9542    0.9932    0.9733       147
           D     0.9464    0.9876    0.9666       161
           E     0.9610    0.9610    0.9610       154
           F     0.9673    0.9548    0.9610       155
           G     0.9355    0.9355    0.9355       155
           H     0.9310    0.9184    0.9247       147
           I     0.9592    0.9338    0.9463       151
           J     0.9658    0.9463    0.9559       149
           K     0.9161    0.9595    0.9373       148
           L     0.9864    0.9539    0.9699       152
           M     1.0000    0.9810    0.9904       158
           N     0.9804    0.9554    0.9677       157
           O     0.9355    0.9667    0.9508       150
           P     0.9693    0.9814    0.9753       161
           Q     0.9932    0.9299    0.9605       157
           R     0.9470    0.9470    0.9470       151
           S     0.9481    0.9733    0.9605       150
           T     0.9277    0.9686    0.9477       159
           U     0.9760    1.0000    0.9879       163
           V     0.9865    0.9542    0.9701       153
           W     0.9677    1.0000    0.9836       150
           X     0.9441    0.9682    0.9560       157
           Y     0.9866    0.9363    0.9608       157
           Z     1.0000    0.9932    0.9966       147

    accuracy                         0.9617      4000
   macro avg     0.9620    0.9616    0.9616      4000
weighted avg     0.9622    0.9617    0.9617      4000
